3 3
1 1 0
1 1 1
1 0 1
1 1 1

1

===

11 10
7 4 0
1 1 1 1 1 1 1 1 1 1
1 0 0 0 0 0 0 0 0 1
1 0 0 0 1 1 1 1 0 1
1 0 0 1 1 0 0 0 0 1
1 0 1 1 0 0 0 0 0 1
1 0 0 0 0 0 0 0 0 1
1 0 0 0 0 0 0 1 0 1
1 0 0 0 0 0 1 1 0 1
1 0 0 0 0 0 1 1 0 1
1 0 0 0 0 0 0 0 0 1
1 1 1 1 1 1 1 1 1 1

57

===

6 6
2 1 3
1 1 1 1 1 1
1 0 0 0 0 1
1 0 1 1 1 1
1 0 1 1 1 1
1 0 1 1 1 1
1 1 1 1 1 1

7

===

11 10
7 4 1
1 1 1 1 1 1 1 1 1 1
1 0 0 0 0 0 0 0 0 1
1 0 0 0 1 1 1 1 0 1
1 0 0 1 1 0 0 0 0 1
1 0 1 1 0 0 0 0 0 1
1 0 0 0 0 0 0 0 0 1
1 0 0 0 0 0 0 1 0 1
1 0 0 0 0 0 1 1 0 1
1 0 0 0 0 0 1 1 0 1
1 0 0 0 0 0 0 0 0 1
1 1 1 1 1 1 1 1 1 1

27

===

11 10
7 4 2
1 1 1 1 1 1 1 1 1 1
1 0 0 0 0 0 0 0 0 1
1 0 0 0 1 1 1 1 0 1
1 0 0 1 1 0 0 0 0 1
1 0 1 1 0 0 0 0 0 1
1 0 0 0 0 0 0 0 0 1
1 0 0 0 0 0 0 1 0 1
1 0 0 0 0 0 1 1 0 1
1 0 0 0 0 0 1 1 0 1
1 0 0 0 0 0 0 0 0 1
1 1 1 1 1 1 1 1 1 1

54

===

11 10
7 4 3
1 1 1 1 1 1 1 1 1 1
1 0 0 0 0 0 0 0 0 1
1 0 0 0 1 1 1 1 0 1
1 0 0 1 1 0 0 0 0 1
1 0 1 1 0 0 0 0 0 1
1 0 0 0 0 0 0 0 0 1
1 0 0 0 0 0 0 1 0 1
1 0 0 0 0 0 1 1 0 1
1 0 0 0 0 0 1 1 0 1
1 0 0 0 0 0 0 0 0 1
1 1 1 1 1 1 1 1 1 1

57