6 3 15
0 0 1 0 0 0
0 0 1 0 0 0
0 0 0 0 0 0
0 0 0 0 0 0
0 0 0 0 1 0
0 0 0 1 0 0
6 5
2 2 5 6
5 4 1 6
4 2 3 5

14

===

6 3 13
0 0 1 0 0 0
0 0 1 0 0 0
0 0 0 0 0 0
0 0 0 0 0 0
0 0 0 0 1 0
0 0 0 1 0 0
6 5
2 2 5 6
5 4 1 6
4 2 3 5

-1

===

6 3 100
0 0 1 0 0 0
0 0 1 0 0 0
0 0 0 1 0 0
0 0 0 1 0 0
0 0 0 0 1 0
0 0 0 1 0 0
6 5
2 2 5 6
5 4 1 6
4 2 3 5

-1

===

6 3 13
0 0 1 0 0 0
0 0 1 0 0 0
0 0 0 0 0 0
0 0 0 0 0 0
0 0 0 0 0 1
0 0 0 1 1 0
3 3
2 2 5 6
5 5 1 6
6 6 1 1

-1

===

6 4 15
0 0 1 0 0 0
0 0 1 0 0 0
0 0 0 0 0 0
0 0 0 0 0 0
0 0 0 0 1 0
0 0 0 1 0 0
6 5
2 2 5 6
5 4 1 6
4 2 3 5
1 6 5 4

20