5
2 2 10
1 1
0 2
5 5 19
3 2 0 3 0 
0 3 0 0 0 
0 0 0 0 0 
0 0 1 0 0 
0 0 0 0 2
9 10 37
0 0 0 0 0 0 0 0 3 0 
0 0 0 0 0 0 0 0 5 3 
0 0 2 0 0 0 0 4 0 0 
3 0 0 0 0 0 4 0 0 0 
0 0 0 0 0 3 5 0 0 2 
0 0 0 0 0 0 0 0 0 5 
0 0 0 0 0 0 0 0 2 3 
0 0 0 0 0 0 0 0 0 0 
0 0 2 2 0 0 0 0 0 0 
20 18 83
0 0 0 0 0 0 0 0 0 0 0 2 0 0 6 0 0 0 
0 0 0 0 0 0 0 3 0 0 0 0 0 0 0 0 0 0 
0 0 0 6 0 0 0 0 0 0 0 0 0 0 2 0 3 0 
4 0 2 0 0 0 0 0 0 0 0 0 5 0 0 0 0 3 
0 0 0 0 0 5 4 4 6 0 0 0 0 0 0 0 0 0 
5 0 0 0 0 0 2 0 2 6 0 0 0 0 0 4 0 0 
4 0 0 3 0 0 0 0 0 0 0 3 0 0 0 5 0 0 
0 0 0 0 0 0 0 2 2 0 0 0 0 3 0 0 0 0 
0 0 0 0 5 0 0 0 3 0 3 0 0 4 0 0 0 0 
0 0 0 0 6 0 0 0 0 0 0 0 0 0 0 0 0 0 
0 0 0 0 6 0 2 0 0 0 0 0 3 0 0 0 3 0 
0 5 2 0 0 0 0 4 0 0 0 0 0 0 0 0 0 0 
3 0 0 0 0 0 0 0 6 0 2 0 5 0 0 0 0 0 
5 0 0 0 4 0 0 0 0 0 0 0 0 0 0 0 0 0 
0 6 0 5 0 0 0 0 0 0 0 0 0 0 0 0 0 0 
0 0 0 0 0 0 0 0 0 0 0 0 0 0 0 0 0 0 
0 0 0 4 0 0 0 0 0 0 0 0 0 0 2 0 0 0 
0 0 3 4 5 0 0 0 0 0 0 0 0 0 0 6 0 0 
2 0 0 0 0 3 0 0 0 0 0 0 0 0 0 5 0 0 
0 0 0 0 0 0 0 0 0 3 6 2 0 0 0 0 0 0 
49 43 283
0 6 0 0 0 10 0 0 0 0 0 0 9 0 0 0 0 0 0 0 0 0 0 4 0 8 0 0 0 0 0 0 0 0 0 0 0 0 0 0 4 0 0 
0 5 0 0 0 2 0 0 0 0 0 0 8 0 0 8 0 0 0 0 1 0 0 0 0 0 0 0 0 0 0 0 0 0 0 0 0 0 0 0 0 0 0 
0 0 3 7 0 0 0 0 0 0 9 0 1 0 5 0 0 1 0 0 0 0 0 0 0 0 0 0 0 9 0 7 0 0 0 0 0 0 0 0 1 0 0 
0 0 0 0 0 0 0 0 0 0 0 0 0 0 0 7 0 8 0 0 0 0 0 0 0 0 0 3 0 0 0 6 0 0 0 0 6 0 0 0 0 0 0 
7 0 0 0 5 0 0 0 0 0 0 0 0 0 0 0 0 0 0 0 0 0 0 0 0 0 7 0 0 0 0 8 0 0 0 0 0 0 0 0 1 0 0 
0 9 0 0 0 0 0 0 0 0 9 6 0 2 0 0 0 0 0 0 1 0 0 0 0 0 0 0 0 0 0 0 0 0 0 0 0 0 0 0 0 0 9 
0 0 0 0 1 0 0 0 0 0 0 3 0 0 0 0 0 0 5 0 10 0 0 0 0 0 0 0 0 0 9 4 0 0 0 0 0 0 9 0 9 0 8 
0 0 0 0 0 0 0 0 0 7 0 0 0 0 9 0 0 0 0 0 0 0 0 0 0 8 0 0 0 0 0 0 0 0 0 0 0 0 0 3 2 0 1 
0 0 0 0 0 0 0 0 0 0 0 0 0 0 0 0 0 3 3 0 0 4 0 0 0 0 0 0 0 0 0 0 0 0 0 0 0 2 0 0 0 0 0 
0 0 0 0 0 0 0 0 0 7 0 0 0 2 0 0 0 0 0 0 8 0 0 0 0 10 0 0 1 7 0 8 0 0 0 0 0 0 0 0 0 0 0 
0 0 0 0 0 0 0 2 0 0 9 0 0 0 0 0 8 0 0 0 0 0 4 0 6 0 0 0 0 0 0 6 0 0 0 0 0 0 0 0 0 0 0 
1 0 0 0 0 0 0 6 0 2 0 0 0 0 0 0 0 0 0 0 0 0 0 0 0 0 0 0 0 0 6 0 5 0 0 0 0 0 0 7 0 0 0 
8 0 0 0 0 0 0 0 0 0 0 0 0 0 0 10 1 0 0 0 0 0 0 0 0 0 0 0 0 0 0 0 0 0 9 0 0 0 0 0 0 5 8 
0 0 0 10 0 9 0 8 0 0 0 0 0 0 2 9 0 0 0 7 2 7 0 7 0 0 0 0 2 0 4 3 0 0 0 0 0 0 0 0 0 2 0 
1 0 0 0 0 0 0 4 9 1 0 0 0 0 0 0 0 0 0 5 0 0 0 0 6 0 0 5 0 0 0 0 0 0 0 0 0 0 0 3 3 0 0 
0 0 0 0 0 0 0 0 0 0 0 0 1 0 3 1 10 0 0 0 0 0 0 0 0 0 0 0 0 0 0 0 0 0 5 0 1 0 0 0 9 0 0 
0 0 0 0 0 0 0 10 0 0 0 0 0 0 9 6 0 0 0 0 0 0 0 0 0 0 0 0 0 0 0 0 0 0 0 0 7 0 0 1 3 0 0 
0 0 0 0 0 0 6 0 0 0 1 0 0 2 0 0 0 0 9 0 0 0 0 0 0 0 3 0 0 0 0 0 0 0 0 0 0 0 0 7 7 0 0 
0 0 0 0 0 2 0 0 0 0 0 0 0 0 0 0 0 5 0 1 0 0 0 0 0 0 0 0 0 0 0 0 0 0 0 0 0 0 0 0 0 0 10 
0 0 0 0 9 0 8 0 0 0 0 0 0 4 0 0 0 10 8 0 0 0 0 0 0 10 0 0 0 5 0 0 0 0 0 0 0 1 0 0 10 4 7 
0 0 0 0 0 0 0 0 0 0 0 6 0 0 0 0 0 0 0 0 0 0 0 0 0 0 0 0 0 8 0 0 0 4 0 7 0 0 0 0 0 3 0 
0 0 0 0 5 0 3 0 0 0 0 0 0 0 8 1 0 0 7 0 0 1 0 0 0 0 0 0 0 0 0 0 0 0 0 0 0 0 0 0 0 0 0 
0 0 9 0 1 0 0 0 0 10 7 0 0 0 0 0 2 0 0 7 0 0 0 0 0 0 0 7 0 0 4 0 0 0 0 0 0 0 0 0 0 0 0 
0 0 0 0 0 0 0 8 2 0 4 0 0 0 0 0 0 0 0 0 0 0 0 0 0 0 0 0 0 0 3 0 0 8 0 0 7 0 2 0 0 0 0 
0 8 0 0 0 0 0 0 0 0 3 0 0 1 0 5 0 0 0 0 0 0 0 0 0 0 0 0 0 0 0 0 8 0 0 5 0 9 0 0 0 0 0 
0 0 0 0 0 0 0 0 3 5 0 0 1 0 4 0 0 0 0 9 0 0 0 0 0 0 0 0 0 0 5 0 0 4 0 0 0 0 10 8 0 0 0 
0 0 0 0 0 0 0 0 4 0 0 7 10 0 10 0 0 0 0 0 0 0 0 0 0 9 0 0 0 0 0 0 0 8 3 9 6 7 0 0 0 0 2 
0 0 0 0 0 0 0 0 0 0 0 0 0 5 0 0 0 8 7 10 0 0 0 0 0 0 6 0 0 0 5 0 0 0 0 0 0 0 0 0 0 10 0 
7 0 0 0 8 0 0 0 8 9 0 0 0 0 0 0 9 0 0 0 0 0 0 0 0 6 0 0 5 0 0 0 0 0 0 0 0 0 0 3 0 0 0 
0 0 0 0 0 0 0 0 0 0 0 6 0 6 0 0 0 0 3 0 0 5 3 0 0 0 0 1 9 0 6 0 0 0 0 0 0 0 0 0 0 0 0 
0 0 0 7 2 0 0 0 0 0 0 0 0 0 0 5 0 0 0 0 8 0 0 0 2 0 0 0 0 0 0 0 0 0 0 0 0 0 0 0 0 7 6 
0 9 0 0 0 0 0 0 0 0 0 3 0 9 2 0 0 0 4 0 2 9 2 0 6 0 0 0 0 0 0 0 0 0 0 0 0 0 8 0 0 0 0 
0 0 0 3 0 1 0 0 8 0 0 0 0 0 0 0 0 0 0 0 0 3 0 0 0 0 0 7 0 6 0 0 0 0 0 7 0 0 0 0 4 7 10 
1 0 0 0 5 0 0 0 0 0 0 0 0 0 0 0 0 0 0 0 0 0 0 0 0 0 0 0 0 5 0 8 0 0 0 0 0 0 0 0 3 9 2 
5 0 0 0 0 0 0 0 0 0 1 0 0 1 0 0 0 0 6 0 0 0 0 0 0 0 0 9 0 8 0 0 0 0 0 0 0 3 0 0 0 0 0 
0 0 0 0 7 0 10 0 0 0 6 0 0 0 0 0 0 0 0 0 0 0 0 0 0 0 3 0 0 0 0 0 0 0 0 0 0 0 8 2 3 0 0 
0 0 0 0 0 5 0 0 6 0 0 3 0 0 0 0 0 8 0 0 6 0 0 0 8 0 0 5 0 0 0 0 8 0 0 0 0 0 0 0 5 0 1 
7 0 9 0 7 0 0 9 0 0 0 0 4 0 0 0 0 0 0 8 1 0 4 0 0 0 0 0 0 0 0 0 4 7 0 0 8 0 0 0 0 0 0 
0 0 0 1 0 0 0 0 0 0 0 0 6 0 0 0 0 0 0 0 4 0 0 0 0 0 0 0 0 0 2 3 1 0 0 4 0 3 10 0 0 0 5 
0 0 4 0 0 0 0 0 0 4 4 0 0 0 8 0 4 0 2 0 8 0 0 0 0 0 0 0 9 0 0 0 0 5 0 0 0 0 0 0 0 0 0 
0 0 8 0 7 0 0 0 0 0 0 0 0 0 0 4 0 0 0 0 0 0 0 0 0 0 0 0 0 0 2 6 0 0 0 0 1 0 0 0 0 4 3 
0 0 0 0 0 0 0 0 0 0 0 0 0 0 0 0 0 0 0 0 0 0 0 0 0 0 0 0 0 0 0 0 1 0 10 3 0 0 0 0 0 3 0 
0 0 2 0 0 0 0 0 8 5 0 0 0 0 0 0 0 0 0 0 0 0 4 8 0 0 0 0 0 1 0 5 0 0 0 0 2 3 9 0 0 0 0 
0 5 8 9 0 0 0 0 0 4 0 0 0 10 0 0 0 1 0 0 0 0 0 10 0 7 0 0 0 0 0 0 0 0 0 0 0 0 0 0 0 0 0 
6 0 0 0 0 0 10 0 5 0 0 0 0 0 0 0 0 0 0 0 6 0 0 0 0 0 0 0 0 10 0 0 0 0 0 0 0 0 0 0 0 0 0 
0 0 0 0 0 0 9 0 0 0 0 0 0 2 0 0 0 4 0 0 0 0 0 0 0 0 0 0 0 0 0 0 0 0 3 0 0 0 0 0 2 4 0 
0 3 0 0 0 0 0 0 0 0 0 0 1 0 0 0 0 0 0 0 0 0 0 0 0 0 0 0 1 0 1 0 0 0 0 0 0 0 0 1 0 0 0 
0 0 0 9 0 0 0 0 4 0 0 0 0 0 2 0 0 0 0 0 0 0 0 0 9 0 0 0 0 0 0 0 0 0 0 0 5 0 0 0 9 2 0 
0 0 0 0 0 2 0 0 0 0 0 0 10 0 0 0 0 0 2 0 0 0 8 0 0 0 0 0 0 10 0 0 0 0 0 0 7 0 0 0 0 0 0 