7 8 1
0 0 0 0 0 0 0 9
0 0 0 0 3 0 0 8
-1 0 5 0 0 0 22 0
-1 8 0 0 0 0 0 0
0 0 0 0 0 10 43 0
0 0 5 0 15 0 0 0
0 0 40 0 0 0 20 0

188

===

7 8 2
0 0 0 0 0 0 0 9
0 0 0 0 3 0 0 8
-1 0 5 0 0 0 22 0
-1 8 0 0 0 0 0 0
0 0 0 0 0 10 43 0
0 0 5 0 15 0 0 0
0 0 40 0 0 0 20 0

188

===

7 8 3
0 0 0 0 0 0 0 9
0 0 0 0 3 0 0 8
-1 0 5 0 0 0 22 0
-1 8 0 0 0 0 0 0
0 0 0 0 0 10 43 0
0 0 5 0 15 0 0 0
0 0 40 0 0 0 20 0

186

===

7 8 4
0 0 0 0 0 0 0 9
0 0 0 0 3 0 0 8
-1 0 5 0 0 0 22 0
-1 8 0 0 0 0 0 0
0 0 0 0 0 10 43 0
0 0 5 0 15 0 0 0
0 0 40 0 0 0 20 0

178

===

7 8 5
0 0 0 0 0 0 0 9
0 0 0 0 3 0 0 8
-1 0 5 0 0 0 22 0
-1 8 0 0 0 0 0 0
0 0 0 0 0 10 43 0
0 0 5 0 15 0 0 0
0 0 40 0 0 0 20 0

172

===

7 8 20
0 0 0 0 0 0 0 9
0 0 0 0 3 0 0 8
-1 0 5 0 0 0 22 0
-1 8 0 0 0 0 0 0
0 0 0 0 0 10 43 0
0 0 5 0 15 0 0 0
0 0 40 0 0 0 20 0

71

===

7 8 30
0 0 0 0 0 0 0 9
0 0 0 0 3 0 0 8
-1 0 5 0 0 0 22 0
-1 8 0 0 0 0 0 0
0 0 0 0 0 10 43 0
0 0 5 0 15 0 0 0
0 0 40 0 0 0 20 0

52

===

7 8 50
0 0 0 0 0 0 0 9
0 0 0 0 3 0 0 8
-1 0 5 0 0 0 22 0
-1 8 0 0 0 0 0 0
0 0 0 0 0 10 43 0
0 0 5 0 15 0 0 0
0 0 40 0 0 0 20 0

46