56
2
10 20
1 2
4
1 1 1 1
2 1
4 2
1 3
4
1 1 1 1
2 1
4 1
1 3
6
5 4 1 3 2 4
5 1
5 4
5 3
5 2
6 3
9
2 14 7 6 11 3 6 1 8
4 5
6 7
8 9
1 3
6 8
2 4
4 1
1 8
1
0
1
20000000
50
10781795 9557808 1853831 8423199 13742134 9391909 16578911 1493660 4495014 12643630 8281227 14100842 1245098 18524652 2988334 14561137 16666695 9299012 15862790 17721246 9922966 1225383 17847177 6262771 19901037 14907244 6631578 6927800 19177901 7008600 13196264 2973903 11068968 12618816 15130596 6490405 2343468 14699973 6213468 13011780 16035761 18356031 18155449 12593158 1363995 12257973 1752529 16612197 17458347 15297287
1 33
7 33
29 7
15 29
44 15
44 12
45 12
45 42
42 37
37 20
20 40
26 40
26 19
19 24
24 13
13 6
38 6
38 49
18 49
18 36
36 50
27 50
8 27
3 8
3 5
16 5
31 16
2 31
48 2
48 25
25 22
22 43
4 43
3 14
14 10
10 23
23 47
47 21
21 34
30 34
32 30
46 32
41 46
41 39
39 17
35 17
11 35
9 11
28 9
49
17302004 10273548 5740500 17973923 13685251 15645774 622007 1492681 4327318 3323822 14848368 13996716 15111113 7731583 5968618 4352086 11385157 4010472 15722800 13378328 14902259 15121331 2892404 8049510 13094347 14804404 4593452 2330703 19144650 14047444 4521047 7793047 15549186 16288441 2108382 2618482 396235 15495700 10244373 11687135 4683031 15349894 17699168 10705055 8220388 12126767 17928434 11570898 3110858
40 1
22 40
22 5
18 5
18 21
21 12
12 14
14 32
34 32
20 1
15 20
15 31
13 31
13 24
30 24
45 30
45 3
7 3
41 7
9 1
4 9
4 23
23 49
19 49
19 44
16 44
27 16
28 27
28 37
1 17
17 2
6 2
6 38
47 38
25 47
11 25
11 46
46 48
42 48
1 39
39 35
43 35
29 43
29 8
8 36
10 36
10 33
33 26
48
19468394 11245085 96422 2258067 19303323 8694050 17794081 8162102 18142289 5914229 15522922 10467206 1482294 14252202 5651542 1702350 11149417 15283645 11245775 14478157 9029416 15182710 7217297 4789867 15226391 19566312 8644990 17618951 8105007 16907283 17782431 3762411 10795846 18161833 4452792 3566945 18590774 12366830 17579655 7050719 9915565 13715896 10665880 2962653 5977489 9893270 5673672 5937608
40 1
1 43
13 40
40 31
43 2
43 5
35 13
15 13
31 26
20 31
2 7
2 29
5 33
17 5
9 35
35 4
15 22
16 15
26 37
38 26
19 20
23 20
3 7
18 7
29 47
29 24
33 12
39 33
17 6
17 27
10 9
9 48
25 4
4 11
42 22
28 22
16 32
30 16
37 44
14 37
21 38
46 38
34 19
19 8
23 45
23 36
41 3
19
53 908 148 709 390 629 17 695 434 219 503 759 839 251 436 723 566 625 584
6 1
1 3
3 4
6 15
4 18
4 5
5 14
14 8
2 8
10 2
8 9
16 2
13 16
16 7
9 17
11 7
12 13
19 12
50
18912310 18898464 9703986 18912689 2009993 4434239 9954547 19121924 2609372 18973224 14435844 13483385 3626463 2358310 660000 5989543 4964520 11365947 11345297 17094483 7809461 10905240 5814466 9676595 3331964 2183977 10303843 4902860 3732401 4909127 16038707 15024764 16354836 11631505 11285869 7612564 6859251 9943765 18178513 6007965 19332675 5418023 11461709 11572412 14616407 8894484 4313416 8458288 7368507 10417137
1 8
23 8
35 23
35 16
34 16
29 34
29 48
48 15
15 4
4 43
43 11
11 39
39 32
50 32
50 26
26 17
17 25
25 38
33 38
33 20
20 44
5 44
12 5
12 46
46 18
18 37
40 37
14 40
14 45
45 47
47 27
10 27
30 10
30 9
31 9
31 19
42 19
7 42
49 7
49 36
36 22
3 22
41 3
6 41
2 6
2 24
21 24
13 21
13 28
50
18722046 12710434 16020009 4888908 14836429 6218620 11504022 6626860 9294133 8048471 3189363 4648600 4622144 2470903 1984131 8809675 7697925 18471764 11138701 11257526 14865598 19460650 7447560 5368676 2059911 19869997 8209250 13119358 10952374 1918042 12594669 8057835 9985489 6766697 6026342 13136271 4568624 12938079 1685284 12127285 18825520 14743872 19963610 9009543 4560145 12243425 14921993 3056186 18857581 11345370
46 1
46 38
45 38
27 45
47 27
47 40
40 23
50 23
50 26
3 26
3 10
49 10
13 49
13 33
33 8
41 8
41 25
17 25
17 24
28 24
36 28
36 14
20 14
20 43
21 43
6 1
35 6
35 42
42 11
11 18
2 18
19 2
19 9
32 9
30 32
30 44
44 4
4 5
5 31
22 31
22 15
15 34
48 34
48 12
39 12
16 39
37 16
37 7
29 7
50
13859433 18628942 7347267 4813943 16978714 15303963 6580609 7087898 1282597 17231025 12811294 9673049 3538611 18865997 15180831 13520772 8715179 14281497 2489079 16929588 10106875 6867369 2611428 11334811 9897608 11174561 5757160 7529719 11068080 4630901 10974819 17483809 14382456 7754057 8912970 4341058 1061719 7392247 13464838 14706852 539294 1847086 15492075 19938470 8518530 10316215 12941651 13247946 6510792 19914451
1 37
18 37
14 18
14 23
34 23
34 35
48 35
43 48
43 7
39 7
12 39
49 12
49 13
11 13
11 16
16 27
22 27
17 22
25 17
40 25
50 40
50 24
24 3
3 4
8 4
8 41
33 41
33 6
6 31
10 31
15 10
2 15
5 2
30 4
30 29
29 28
38 28
38 19
45 19
44 45
26 44
20 26
20 42
47 42
46 47
21 46
36 21
36 32
9 32
50
1059625 7399861 4160424 8188362 17502519 13530183 3225904 2167562 7695292 6667986 1369655 272121 18991240 4580900 6451404 17036126 9630706 1191067 14628869 18615863 11287266 4569815 3646051 617070 10649864 5791744 2384211 2057530 4568367 3469488 6736337 2670613 13142188 15840383 16961319 11253589 5117424 6674474 348116 1690218 13320765 11690591 254343 17334707 9879670 18598952 15285578 12291069 9084174 12436465
1 47
47 24
15 24
48 15
27 48
27 16
16 22
22 4
4 43
43 45
45 44
20 44
20 21
21 10
10 19
19 8
1 11
33 11
33 36
5 36
5 23
23 40
18 40
29 18
38 29
12 38
12 17
2 17
37 2
37 13
13 46
31 46
31 9
50 1
7 50
7 35
32 35
32 41
39 41
6 39
6 28
14 28
14 30
26 30
26 34
42 34
3 42
25 3
25 49
50
15348007 15930520 7862316 8776851 7767735 2058353 13822633 8327546 15305367 1051015 13144842 11788841 1356503 16948905 7467273 14305319 14345609 18738710 5040710 10238368 18185530 18735728 11323225 17420201 9164812 6084560 3900278 1684386 15231345 8205555 19500476 14225333 10566022 10026385 19187482 2185594 10017545 2812622 1856478 19705789 8295929 4546762 9436380 258647 11279049 8832083 18064695 14269496 15520576 6156730
6 1
25 6
43 25
19 43
19 5
5 49
12 49
15 12
26 15
47 1
8 47
14 8
14 41
40 41
7 40
7 23
23 37
37 17
17 27
45 1
45 30
28 30
28 50
50 42
39 42
33 39
18 33
4 18
4 46
1 36
36 29
29 34
34 22
21 22
20 21
20 2
35 2
35 3
48 3
1 10
10 11
31 11
31 13
13 9
24 9
44 24
44 16
16 32
32 38
50
11886753 14396775 13790329 16324347 18497188 11945684 7004094 13185557 11553720 8824602 5705261 4810797 16291852 11701920 17863995 12390470 14961622 16542723 16380400 5753246 15447735 19992783 2236447 18811132 14750269 18578906 12849328 19840925 725634 15855933 11960601 2553781 3274993 15990512 11631083 5908132 10679849 2074625 11425928 14075574 5485305 475761 14396659 10192279 18475915 2545579 15898304 4097874 2395806 14762401
1 6
1 46
6 2
29 6
46 47
23 46
2 3
27 2
10 29
29 30
47 32
47 18
39 23
23 37
3 17
3 11
27 26
4 27
33 10
28 10
30 36
30 7
32 16
34 32
18 50
18 44
5 39
39 41
37 35
24 37
17 9
48 17
11 40
11 25
26 8
26 12
4 13
4 43
14 33
33 49
28 15
19 28
36 21
36 38
7 42
31 7
20 16
22 16
45 34
50
8080772 15272279 16956387 9264291 13249675 16538490 747726 5595331 15422402 9728532 4109565 2617489 1581766 10252507 8366478 19972632 8915273 3209563 153782 6596774 14507637 16038678 13127217 10536120 4122362 11944133 5982819 18209556 4304310 16038589 2615568 3414774 10539776 9153389 17082805 13191010 8510609 5599236 18926721 1607576 12365328 20271 19898611 17742502 15914297 16537088 1432337 12400663 8207273 12180714
1 47
43 1
3 1
1 17
1 26
5 1
1 36
37 1
21 1
1 33
1 16
35 1
29 1
1 30
1 39
1 28
46 1
27 1
18 1
7 1
50 1
1 2
20 1
49 1
1 11
1 22
4 1
1 8
1 14
1 41
1 40
1 44
1 19
32 1
1 15
45 1
31 1
1 38
1 23
25 1
1 12
42 1
13 1
48 1
1 24
1 34
9 1
10 1
6 1
50
3207047 8503498 17230684 400553 10550055 4615982 3755920 10392641 5838806 702516 12415512 16704449 16696162 900946 3850500 18625414 641526 8254892 16079374 14993250 13703938 15492942 7302736 16172137 9770551 13933574 1461014 13568857 13554094 3541980 4689102 1642403 4852264 19211312 5094684 19954714 8374384 8326254 13540362 379959 1728989 8379247 10896477 8095751 6752500 16562287 16880642 2105777 12860970 10614439
35 1
1 16
18 16
7 18
25 18
25 3
3 26
26 30
6 30
42 6
44 42
13 42
17 44
13 36
12 36
22 12
20 12
4 22
4 34
34 10
29 34
21 10
15 21
15 8
46 8
8 19
40 46
5 19
40 31
23 31
14 23
33 23
24 33
43 24
48 24
45 48
45 49
49 39
49 50
27 39
2 27
2 38
2 32
38 28
28 47
47 9
41 9
9 11
37 41
11
506 696 439 932 126 77 596 953 635 750 476
6 1
3 1
6 8
11 6
2 8
8 5
11 4
9 2
7 9
10 9
14
529 916 700 489 652 598 253 40 981 950 658 271 372 25
1 13
13 12
1 5
12 11
13 3
4 13
3 8
9 12
11 7
14 3
11 10
6 8
2 11
9
640 190 883 390 249 293 50 28 181
2 1
5 2
3 5
4 3
8 4
7 8
7 6
9 6
10
972 146 694 61 605 692 109 104 374 199
1 5
10 5
10 2
2 3
3 7
7 9
8 9
8 6
4 6
10
780 301 621 12 911 224 109 144 232 811
2 1
1 10
10 8
9 10
9 4
4 6
5 8
4 3
7 6
11
362 497 398 159 99 522 67 94 112 176 166
2 1
1 3
3 10
3 6
9 1
2 5
5 8
7 8
11 2
2 4
12
71 393 381 505 160 957 793 905 720 443 912 55
8 1
1 6
4 8
10 6
7 6
7 5
10 11
5 3
3 12
3 2
2 9
7
271 700 622 314 774 954 374
5 1
7 1
7 4
1 2
6 5
2 3
8
635 846 256 438 511 374 480 182
1 8
4 1
8 5
5 7
2 5
7 3
6 7
4
717 848 767 290
3 1
2 1
1 4
14
717 926 430 917 235 131 547 205 69 433 526 629 2 411
1 4
1 9
9 6
6 14
9 8
11 14
8 5
5 2
4 13
10 5
14 7
12 14
10 3
7
240 680 69 238 365 424 727
4 1
7 1
3 4
1 2
3 5
6 7
4
724 352 867 399
1 2
4 1
3 2
15
920 874 869 256 565 750 247 622 2 852 151 208 67 662 65
1 8
1 4
7 1
12 8
11 12
15 12
14 4
2 14
5 7
6 8
13 14
14 9
10 12
3 7
5
732 218 246 356 475
4 1
4 2
2 5
5 3
10
518 303 729 430 405 209 136 632 882 161
1 2
3 1
9 2
6 2
5 9
9 7
10 7
4 5
8 10
6
6 130 306 143 365 524
1 2
3 1
2 5
2 4
6 4
10
957 679 994 834 959 868 379 444 709 451
5 1
6 1
9 5
9 2
5 3
1 7
10 1
4 2
6 8
9
873 911 850 505 731 92 0 917 185
7 1
5 1
7 3
3 4
5 2
8 4
2 9
9 6
11
836 849 330 879 721 15 953 26 168 552 209
6 1
1 5
8 5
2 5
7 2
2 9
8 10
11 8
3 1
10 4
7
798 64 888 566 249 246 94
1 7
1 6
6 3
3 2
6 5
5 4
8
25 673 12 948 616 712 691 775
1 6
1 3
7 3
6 2
5 2
8 2
4 2
9
396 829 598 685 793 397 944 25 190
1 8
4 1
5 8
6 4
7 8
2 1
7 9
6 3
7
444 584 100 717 804 491 731
1 7
1 6
6 3
5 6
3 2
3 4
10
28 560 811 351 755 636 869 300 186 642
5 1
1 9
10 9
5 7
3 10
2 7
4 7
8 2
6 7
14
100 595 973 106 110 265 834 208 840 54 817 305 832 522
6 1
13 1
8 13
5 1
14 5
4 13
7 8
12 6
11 13
10 7
9 5
7 3
2 10
3
761 421 546
2 1
3 2
3
847 236 563
1 2
3 1
7
535 70 182 504 689 485 731
1 7
1 5
7 2
6 5
5 4
7 3
5
593 392 426 79 532
3 1
4 3
5 4
5 2
6
120 272 703 997 592 407
4 1
1 5
6 5
6 2
3 2
4
729 897 271 687
1 4
1 2
3 1
3
742 235 854
1 2
3 1
9
576 860 132 449 971 236 91 763 481
7 1
4 1
8 4
1 9
5 9
3 9
7 2
2 6
12
500 151 201 711 664 719 708 380 597 329 668 789
1 11
4 11
3 4
2 3
2 5
12 5
12 6
8 6
9 8
10 9
7 10
5
148 720 790 669 396
3 1
4 1
4 5
3 2
7
394 979 854 329 446 51 349
7 1
4 1
7 2
4 5
6 7
5 3
