3 1
4 5 2

2
4
5

===

4 2
9 8 7 1

1 1
1 7
1 8
1 9
7 7
7 8
7 9
8 8
8 9
9 9

===

4 4
1231 1232 1233 1234

1231 1231 1231 1231
1231 1231 1231 1232
1231 1231 1231 1233
1231 1231 1231 1234
1231 1231 1232 1232
1231 1231 1232 1233
1231 1231 1232 1234
1231 1231 1233 1233
1231 1231 1233 1234
1231 1231 1234 1234
1231 1232 1232 1232
1231 1232 1232 1233
1231 1232 1232 1234
1231 1232 1233 1233
1231 1232 1233 1234
1231 1232 1234 1234
1231 1233 1233 1233
1231 1233 1233 1234
1231 1233 1234 1234
1231 1234 1234 1234
1232 1232 1232 1232
1232 1232 1232 1233
1232 1232 1232 1234
1232 1232 1233 1233
1232 1232 1233 1234
1232 1232 1234 1234
1232 1233 1233 1233
1232 1233 1233 1234
1232 1233 1234 1234
1232 1234 1234 1234
1233 1233 1233 1233
1233 1233 1233 1234
1233 1233 1234 1234
1233 1234 1234 1234
1234 1234 1234 1234