6
6
SRRRSR
3 1 4 1 5 9
2 6 5 3 5
6
RSRSRS
10 10 10 10 10 10
1 1 1 1 1
2
RR
4 3
2
10
RSSRSSRSSR
75 49 79 37 16 9 38 49 69 54
23 100 73 63 66 23 51 65 67
20
SSSRSSSRRRRSSRSSRSSR
343191362 223147518 135066250 426658267 693515093 8023388 383375974 712283203 40447501 19870690 318452142 356265717 283999278 209219229 418603824 39363351 392058270 254796273 110117486 64951139
576697130 385986330 895027325 654885799 784214084 577658764 761714876 583039741 943991250 446493376 701505924 402891440 963636095 919408713 238125227 871191978 843843821 397910552 529447424
